120,213
269,51
120,56
269,50
120,63
740,35
269,98
269,97
269,96
269,49
269,4
269,3
269,2
269,1
269,0
251,3
251,1
233,12
233,1
132,5
132,1
132,4
122,45
122,44
122,43
122,42
122,41
122,40
122,39
122,38
122,37
122,36
122,32
122,27
122,26
122,25
122,22
122,20
122,17
122,14
122,12
122,9
122,8
122,4
122,3
122,2
122,1
122,0
120,212
120,211
120,210
120,209
120,208
120,207
120,206
120,205
120,204
120,203
120,202
120,201
120,199
120,198
120,196
120,194
120,193
120,192
120,131
120,130
120,129
120,96
120,95
120,94
120,93
120,62
120,61
120,60
120,57
120,37
120,35
120,34
120,32
120,19
120,9
120,4
120,3
120,2
120,1
120,0
20,3
20,2
20,1
19,3
19,2
19,1
18,1
14,35
18,3
14,30
14,10
14,1
14,58
13,6
12,3
14,3
13,1
12,2
13,5
12,1
13,3
8,3
0,557
0,555
0,550
0,536
0,515
0,475
0,474
0,444
0,443
0,441
0,386
0,380
0,378
0,376
0,375
0,353
0,351
0,348
0,347
0,346
0,345
2,2
0,344
2,1
0,342
2,3
0,340
0,339
0,335
0,334
0,333
0,331
0,330
0,328
0,327
0,326
0,323
0,320
0,319
0,317
0,314
0,313
0,312
0,302
0,296
0,283
0,273
0,270
0,243
0,9
0,0
740,34
740,33
740,32
740,31
740,30
740,29
740,28
740,27
740,26
740,25
740,24
740,23
740,22
740,21
740,20
740,19
740,18
740,17
740,16
740,15
740,14
740,13
740,12
740,11
740,10
740,9
740,8
740,7
740,6
740,5
740,4
740,3
740,2
740,0
0,567
0,561
0,559
0,558
0,551
0,571
0,306
0,385
0,575
0,276
0,439
0,437
0,275
0,493
